
sigma005_t1
final estimation:
 [ 0.29328348  0.         -0.42092369 -0.69202938 -0.01894417 -0.50002453
 -0.02960334 -0.35009286 -0.77419363  0.43087628  0.46690196 -0.37939403
 -0.44154122 -0.64554935 -0.00773764 -0.13927382 -0.45025001  0.51969608
  0.17643287 -0.32968371 -0.48802703  0.         -0.82483249 -0.59068677
  0.23770762 -0.0561767   0.30100634  1.16969112 -0.1278875   0.24419921
  0.11813372  0.68269124 -0.4177101  -0.52790193 -0.57927375  0.2072585
 -0.29086217  0.63754119  0.82048437 -0.39320933 -0.66335752  0.27762374
  0.03923927  1.35047685  0.97188942]
rejection ratio: 0.0
burning homes:
0.025819856089450238,0.003443581345607887,0.20858870124649392,0.20858870124649392,0.21777454238239163,0.21777454238239163,0.21777454238239163,0.21777454238239163,0.21777454238239163,0.21777454238239163,0.19740726051162358,0.19740726051162358,0.19740726051162358,0.11744804739303173,0.11744804739303173,0.1640202734475214,0.1640202734475214,0.1640202734475214,0.1640202734475214,0.1640202734475214,0.1640202734475214,0.1640202734475214,0.1640202734475214,0.28324657119694524,0.28324657119694524,0.28324657119694524,0.28324657119694524,0.28324657119694524,0.28324657119694524,0.28324657119694524,0.23536003830360647,0.23536003830360647,0.23536003830360647,0.23536003830360647,0.2496116339205786,0.2496116339205786,0.2496116339205786,0.2496116339205786,0.2496116339205786,0.2496116339205786,0.2496116339205786,0.2496116339205786,0.2496116339205786,0.3517659235960654,0.3937233475279714,0.3937233475279714,0.3937233475279714,0.3937233475279714,0.3937233475279714,0.3937233475279714,0.3937233475279714,0.3937233475279714,0.3937233475279714,0.3937233475279714,0.3937233475279714,0.3937233475279714,0.37993294283020657,0.37993294283020657,0.37993294283020657,0.37993294283020657,0.37993294283020657,0.37993294283020657,0.37993294283020657,0.3441146697250772,0.3441146697250772,0.3441146697250772,0.3216913038462937,0.3216913038462937,0.3216913038462937,0.3216913038462937,0.3216913038462937,0.3216913038462937,0.3216913038462937,0.3216913038462937,0.3216913038462937,0.3216913038462937,0.3216913038462937,0.3216913038462937,0.35586938432651943,0.35586938432651943,0.35586938432651943,0.34391806264999597,0.34391806264999597,0.34391806264999597,0.4071550404392182,0.4071550404392182,0.3067903242302997,0.27422520877117557,0.27422520877117557,0.27422520877117557,0.27422520877117557,0.27422520877117557,0.27422520877117557,0.27422520877117557,0.27422520877117557,0.27422520877117557,0.27422520877117557,0.27422520877117557,0.27422520877117557,0.27422520877117557,0.27422520877117557,0.27422520877117557,0.27422520877117557,0.27422520877117557,0.27422520877117557,0.27422520877117557,0.27422520877117557,0.27422520877117557,0.26738739426947933,0.26738739426947933,0.13149697772511634,0.13149697772511634,0.13149697772511634,0.13149697772511634,0.13149697772511634,0.13149697772511634,0.13149697772511634,0.13149697772511634,0.13149697772511634,0.13149697772511634,0.13149697772511634,0.13149697772511634,0.13149697772511634,0.13149697772511634,0.13149697772511634,0.13149697772511634,0.13149697772511634,0.13149697772511634,0.13149697772511634,0.13149697772511634,0.13149697772511634,0.13149697772511634,0.2520623022280222,0.2520623022280222,0.2520623022280222,0.2520623022280222,0.2520623022280222,0.2520623022280222,0.2520623022280222,0.2520623022280222,0.20586254157906092,0.20586254157906092,0.20586254157906092,0.20586254157906092,0.20586254157906092,0.20586254157906092,0.20586254157906092,0.20586254157906092,0.20586254157906092,0.20586254157906092,0.20586254157906092,0.20586254157906092,0.20586254157906092,0.20586254157906092,0.20586254157906092,0.20586254157906092,0.20586254157906092,0.20586254157906092,0.20586254157906092,0.20586254157906092,0.20586254157906092,0.20586254157906092,0.20586254157906092,0.20586254157906092,0.20586254157906092,0.20586254157906092,0.2366568955449018,0.2366568955449018,0.2366568955449018,0.2366568955449018,0.2366568955449018,0.2854187299376909,0.2854187299376909,0.2854187299376909,0.2854187299376909,0.2854187299376909,0.2854187299376909,0.2854187299376909,0.22026438437854493,0.2437853130348972,0.2437853130348972,0.17328974235068545,0.23791275895416222,0.23791275895416222,0.23791275895416222,0.23791275895416222,0.23791275895416222,0.23791275895416222,0.23791275895416222,0.23791275895416222,0.23791275895416222,0.23791275895416222,0.23791275895416222,0.23791275895416222,0.3372259416046678,0.3372259416046678,0.3372259416046678,0.28875360377149023,0.28875360377149023,0.28875360377149023
mcmc homes:
0.28875360377149023,0.28875360377149023,0.28875360377149023,0.28875360377149023,0.28875360377149023,0.28875360377149023,0.28875360377149023,0.28875360377149023,0.28875360377149023,0.28875360377149023,0.28875360377149023,0.28875360377149023,0.28875360377149023,0.2922767929157655,0.2922767929157655,0.2922767929157655,0.2922767929157655,0.2922767929157655,0.2922767929157655,0.2922767929157655,0.2922767929157655,0.2922767929157655,0.2922767929157655,0.3386600470460784,0.35743783515176514,0.35743783515176514,0.35743783515176514,0.35743783515176514,0.35743783515176514,0.3786362540237801,0.3786362540237801,0.3786362540237801,0.3786362540237801,0.3786362540237801,0.3786362540237801,0.3786362540237801,0.3786362540237801,0.3786362540237801,0.3786362540237801,0.3786362540237801,0.3786362540237801,0.3786362540237801,0.3786362540237801,0.3786362540237801,0.3786362540237801,0.3786362540237801,0.3786362540237801,0.38477523417600057,0.38477523417600057,0.38477523417600057,0.38477523417600057,0.38477523417600057,0.38477523417600057,0.38477523417600057,0.38477523417600057,0.38477523417600057,0.38477523417600057,0.38477523417600057,0.38477523417600057,0.38477523417600057,0.38477523417600057,0.38477523417600057,0.38477523417600057,0.38477523417600057,0.3303248939361095,0.3303248939361095,0.3303248939361095,0.3303248939361095,0.3303248939361095,0.3303248939361095,0.3303248939361095,0.3303248939361095,0.3303248939361095,0.3483968422829089,0.3160470577919759,0.3160470577919759,0.3160470577919759,0.3160470577919759,0.3160470577919759,0.3160470577919759,0.3160470577919759,0.3160470577919759,0.3160470577919759,0.3160470577919759,0.3160470577919759,0.3160470577919759,0.3160470577919759,0.31513764897446966,0.31513764897446966,0.31513764897446966,0.31513764897446966,0.31513764897446966,0.31513764897446966,0.31513764897446966,0.31513764897446966,0.31513764897446966,0.31513764897446966,0.3755532326284047,0.3755532326284047,0.3755532326284047,0.3755532326284047,0.3755532326284047,0.3755532326284047,0.3755532326284047,0.3755532326284047,0.3755532326284047,0.23731950451156078,0.23731950451156078,0.23731950451156078,0.23731950451156078,0.23731950451156078,0.23731950451156078,0.23731950451156078,0.23731950451156078,0.23731950451156078,0.23731950451156078,0.23731950451156078,0.23731950451156078,0.23731950451156078,0.23731950451156078,0.23731950451156078,0.23731950451156078,0.23731950451156078,0.23731950451156078,0.23731950451156078,0.23731950451156078,0.23731950451156078,0.23731950451156078,0.23731950451156078,0.23731950451156078,0.23731950451156078,0.23731950451156078,0.23731950451156078,0.23731950451156078,0.23731950451156078,0.23731950451156078,0.23731950451156078,0.23731950451156078,0.23731950451156078,0.23731950451156078,0.23731950451156078,0.23731950451156078,0.23731950451156078,0.23731950451156078,0.23731950451156078,0.23731950451156078,0.20475678559813165,0.20475678559813165,0.20475678559813165,0.20475678559813165,0.20475678559813165,0.20475678559813165,0.20475678559813165,0.20475678559813165,0.20475678559813165,0.20475678559813165,0.20475678559813165,0.20475678559813165,0.20475678559813165,0.20475678559813165,0.20475678559813165,0.3358938991719366,0.3358938991719366,0.3358938991719366,0.3358938991719366,0.3358938991719366,0.3358938991719366,0.38752100799760547,0.3004545013148146,0.3004545013148146,0.3004545013148146,0.3004545013148146,0.3004545013148146,0.3004545013148146,0.3004545013148146,0.3004545013148146,0.3004545013148146,0.3004545013148146,0.3004545013148146,0.3004545013148146,0.3004545013148146,0.3004545013148146,0.23953878273712279,0.23953878273712279,0.23953878273712279,0.23953878273712279,0.23953878273712279,0.23953878273712279,0.23953878273712279,0.23953878273712279,0.23953878273712279,0.23953878273712279,0.23953878273712279,0.2932834830126217,0.2932834830126217,0.2932834830126217,0.2932834830126217,0.2932834830126217,0.2932834830126217,0.2932834830126217
